accuracy: 0.5233644859813084
precision: 0.7689039932030587
recall: 0.5233644859813084
f1: 0.42464010293753435