accuracy: 0.5887850467289719
precision: 0.6015199753517512
recall: 0.5887850467289719
f1: 0.5298442367601247