accuracy: 0.975
precision: 0.9783333333333333
recall: 0.975
f1: 0.9757034632034631