accuracy: 0.7965367965367965
precision: 0.7929287848301932
recall: 0.7965367965367965
f1: 0.7934173249221906