accuracy: 0.6753246753246753
precision: 0.7830709113894955
recall: 0.6753246753246753
f1: 0.5643808524133068