accuracy: 0.7186147186147186
precision: 0.7941402032311123
recall: 0.7186147186147186
f1: 0.6501570325099737