accuracy: 0.9555555555555556
precision: 0.9555555555555556
recall: 0.9555555555555556
f1: 0.9555555555555556