accuracy: 0.7450980392156863
precision: 0.8107163657542225
recall: 0.7450980392156863
f1: 0.6455786860198626