accuracy: 0.8138528138528138
precision: 0.8161162646876934
recall: 0.8138528138528138
f1: 0.804280105795804