accuracy: 0.968365553602812
precision: 0.969503672877058
recall: 0.968365553602812
f1: 0.9680919492047486