accuracy: 0.8880866425992779
precision: 0.887425593039226
recall: 0.8880866425992779
f1: 0.884439062881559