accuracy: 0.7890625
precision: 0.7854442866161616
recall: 0.7890625
f1: 0.7861219514997396