accuracy: 0.9875
precision: 0.9876838235294118
recall: 0.9875
f1: 0.9872962962962963