accuracy: 0.660377358490566
precision: 0.8748758689175768
recall: 0.660377358490566
f1: 0.6931308623789615