accuracy: 0.5851851851851851
precision: 0.7625106022052587
recall: 0.5851851851851851
f1: 0.4600862998921252