accuracy: 0.7074074074074074
precision: 0.7062485516913114
recall: 0.7074074074074074
f1: 0.7063479858771412