accuracy: 0.7421875
precision: 0.7343376642771804
recall: 0.7421875
f1: 0.733612850092145