accuracy: 0.8127340823970037
precision: 0.8484718529319267
recall: 0.8127340823970037
f1: 0.7445835111174323