accuracy: 0.8434782608695652
precision: 0.8807947019867549
recall: 0.8434782608695652
f1: 0.8395473219130299