accuracy: 0.8014981273408239
precision: 0.8411985018726592
recall: 0.8014981273408239
f1: 0.7202400508136759