accuracy: 0.33212996389891697
precision: 0.796626041638392
recall: 0.33212996389891697
f1: 0.21172014380523582