accuracy: 0.776173285198556
precision: 0.7897250763676756
recall: 0.776173285198556
f1: 0.7809305449197146