accuracy: 0.7745098039215687
precision: 0.7575692041522492
recall: 0.7745098039215687
f1: 0.7390933838324062