accuracy: 0.9438202247191011
precision: 0.9475325446715834
recall: 0.9438202247191011
f1: 0.9403447704516339