accuracy: 0.9245283018867925
precision: 0.922632780057115
recall: 0.9245283018867925
f1: 0.9214235980321657