accuracy: 0.9375
precision: 0.9358928571428571
recall: 0.9375
f1: 0.9341082196128212