accuracy: 0.827710843373494
precision: 0.8385675626842749
recall: 0.827710843373494
f1: 0.8257366357039906