accuracy: 0.7712418300653595
precision: 0.7518744767279606
recall: 0.7712418300653595
f1: 0.7364923444349932