accuracy: 0.8444444444444444
precision: 0.8529810298102981
recall: 0.8444444444444444
f1: 0.8458952583156405