accuracy: 0.8739130434782608
precision: 0.8894927536231885
recall: 0.8739130434782608
f1: 0.8726394378568291