accuracy: 0.9056603773584906
precision: 0.903089363466722
recall: 0.9056603773584906
f1: 0.899406803887936