accuracy: 0.9339622641509434
precision: 0.9389868744872847
recall: 0.9339622641509434
f1: 0.928664321500906