accuracy: 0.9707174231332357
precision: 0.9707174231332357
recall: 0.9707174231332357
f1: 0.9707174231332357