accuracy: 0.9876977152899824
precision: 0.9877204895126457
recall: 0.9876977152899824
f1: 0.9876796199189581