accuracy: 0.972181551976574
precision: 0.972158210307408
recall: 0.972181551976574
f1: 0.9721123992040713