accuracy: 0.8614457831325302
precision: 0.8618059193294919
recall: 0.8614457831325302
f1: 0.8614745508996439