accuracy: 0.8317757009345794
precision: 0.8409005040027945
recall: 0.8317757009345794
f1: 0.8285664801130189