accuracy: 0.9400749063670412
precision: 0.9421819531322484
recall: 0.9400749063670412
f1: 0.94084086621047