accuracy: 0.9806678383128296
precision: 0.980734680965647
recall: 0.9806678383128296
f1: 0.9806197102070829