accuracy: 0.8411214953271028
precision: 0.8826743350107836
recall: 0.8411214953271028
f1: 0.8397015700246727