accuracy: 0.7653429602888087
precision: 0.7973043588194805
recall: 0.7653429602888087
f1: 0.7102803856305491