accuracy: 0.8202247191011236
precision: 0.8534140017286085
recall: 0.8202247191011236
f1: 0.7597754037633384