accuracy: 0.5700934579439252
precision: 0.578287389722244
recall: 0.5700934579439252
f1: 0.5709953597804066