accuracy: 0.9882869692532943
precision: 0.9886663386701916
recall: 0.9882869692532943
f1: 0.988330131749686