accuracy: 0.9595782073813708
precision: 0.9610971511793603
recall: 0.9595782073813708
f1: 0.9591539259544608