accuracy: 0.8478260869565217
precision: 0.851037851037851
recall: 0.8478260869565217
f1: 0.8474772163170959