accuracy: 0.9150943396226415
precision: 0.9266146589259796
recall: 0.9150943396226415
f1: 0.9183241487536951