accuracy: 0.8773584905660378
precision: 0.8752961825362001
recall: 0.8773584905660378
f1: 0.8762214633069866