accuracy: 0.565359477124183
precision: 0.8354865310610226
recall: 0.565359477124183
f1: 0.5721592320829311