accuracy: 0.9138576779026217
precision: 0.9144649925575429
recall: 0.9138576779026217
f1: 0.9141438833047727