accuracy: 0.7532467532467533
precision: 0.7485411164656448
recall: 0.7532467532467533
f1: 0.7499371596145789