accuracy: 0.9125
precision: 0.923046875
recall: 0.9125
f1: 0.9160239536720189