accuracy: 0.9373493975903614
precision: 0.9382834085742799
recall: 0.9373493975903614
f1: 0.9372691422492949