accuracy: 0.9970717423133236
precision: 0.9970848735137121
recall: 0.9970717423133236
f1: 0.9970688806886367