accuracy: 0.9859402460456942
precision: 0.9859389872137644
recall: 0.9859402460456942
f1: 0.9859265656210652