accuracy: 0.8086642599277978
precision: 0.8158151685478835
recall: 0.8086642599277978
f1: 0.7853064947014927