accuracy: 0.8608695652173913
precision: 0.8721247563352827
recall: 0.8608695652173913
f1: 0.8598095238095239