accuracy: 0.8375
precision: 0.70140625
recall: 0.8375
f1: 0.7634353741496599