accuracy: 0.8913043478260869
precision: 0.907608695652174
recall: 0.8913043478260869
f1: 0.8902064119455422