accuracy: 0.7581699346405228
precision: 0.7492816725131767
recall: 0.7581699346405228
f1: 0.7528435859469645