accuracy: 0.7289719626168224
precision: 0.7292620759682533
recall: 0.7289719626168224
f1: 0.7259023416990443