accuracy: 0.7951807228915663
precision: 0.8345133667671629
recall: 0.7951807228915663
f1: 0.7902561620689947