accuracy: 0.9718804920913884
precision: 0.9727510205011283
recall: 0.9718804920913884
f1: 0.9716707828157096