accuracy: 0.6640625
precision: 0.7784053430079156
recall: 0.6640625
f1: 0.5426261137354028