accuracy: 0.8736462093862816
precision: 0.8778394306903545
recall: 0.8736462093862816
f1: 0.8659051625073233