accuracy: 0.9625
precision: 0.9641071428571429
recall: 0.9625
f1: 0.9604649317676927