accuracy: 0.7380952380952381
precision: 0.7307364294007557
recall: 0.7380952380952381
f1: 0.7201463550347932