accuracy: 0.6734939759036145
precision: 0.6935659857974946
recall: 0.6734939759036145
f1: 0.6674203872373327