accuracy: 0.7864583333333334
precision: 0.789398367043166
recall: 0.7864583333333334
f1: 0.787660120474522