accuracy: 0.7575757575757576
precision: 0.7508619125385592
recall: 0.7575757575757576
f1: 0.7502064671875993