accuracy: 0.8313253012048193
precision: 0.8397342240967487
recall: 0.8313253012048193
f1: 0.8297744883206352