accuracy: 0.9502196193265008
precision: 0.9620296564265666
recall: 0.9502196193265008
f1: 0.9559133906471137