accuracy: 0.7833935018050542
precision: 0.7756255446284079
recall: 0.7833935018050542
f1: 0.7615593354315984