accuracy: 0.8619791666666666
precision: 0.8705871800301148
recall: 0.8619791666666666
f1: 0.8638961226851851