accuracy: 0.8095238095238095
precision: 0.8226977886436722
recall: 0.8095238095238095
f1: 0.7941585660001456