accuracy: 0.5240963855421686
precision: 0.7527848620760414
recall: 0.5240963855421686
f1: 0.3706608824714038