accuracy: 0.8555555555555555
precision: 0.8666776623233823
recall: 0.8555555555555555
f1: 0.8559304577102129