accuracy: 0.7164502164502164
precision: 0.7045381229852309
recall: 0.7164502164502164
f1: 0.6970179546244455