accuracy: 0.8951310861423221
precision: 0.8992347591754155
recall: 0.8951310861423221
f1: 0.8833072032052957