accuracy: 0.8313253012048193
precision: 0.841423974477529
recall: 0.8313253012048193
f1: 0.8295245708668478