accuracy: 0.7712418300653595
precision: 0.7528549881491058
recall: 0.7712418300653595
f1: 0.7341067054596092