accuracy: 0.8478260869565217
precision: 0.8499695678636641
recall: 0.8478260869565217
f1: 0.8475927223158334