accuracy: 0.8555555555555555
precision: 0.8632164352487056
recall: 0.8555555555555555
f1: 0.8559944636170729