accuracy: 0.9347826086956522
precision: 0.9363995142683668
recall: 0.9347826086956522
f1: 0.9347221433842311