accuracy: 0.9518518518518518
precision: 0.9519169732714576
recall: 0.9518518518518518
f1: 0.951871228977489