accuracy: 0.797752808988764
precision: 0.8388105094196163
recall: 0.797752808988764
f1: 0.7116647749786765