accuracy: 0.9803921568627451
precision: 0.9817444219066936
recall: 0.9803921568627451
f1: 0.9806098114921644