accuracy: 0.7509025270758123
precision: 0.8550050567186783
recall: 0.7509025270758123
f1: 0.7618088680881338