accuracy: 0.8629629629629629
precision: 0.8658970658970659
recall: 0.8629629629629629
f1: 0.8616578483245151