accuracy: 0.9795021961932651
precision: 0.9797805321209895
recall: 0.9795021961932651
f1: 0.979559528275088