accuracy: 0.7102803738317757
precision: 0.7161622904613558
recall: 0.7102803738317757
f1: 0.7019668887435309