accuracy: 0.8590361445783132
precision: 0.8618666573098033
recall: 0.8590361445783132
f1: 0.8585304758426725