accuracy: 0.7799479166666666
precision: 0.7774860699893084
recall: 0.7799479166666666
f1: 0.7689837577882647