accuracy: 0.34992679355783307
precision: 0.12244876084966633
recall: 0.34992679355783307
f1: 0.18141540924147959