accuracy: 0.9433962264150944
precision: 0.9471283433547585
recall: 0.9433962264150944
f1: 0.9396440823327616