accuracy: 0.8203463203463204
precision: 0.8207268064925414
recall: 0.8203463203463204
f1: 0.8128558835235505