accuracy: 0.7653429602888087
precision: 0.7644996153163284
recall: 0.7653429602888087
f1: 0.7288736055484721