accuracy: 0.8878504672897196
precision: 0.8891990667691602
recall: 0.8878504672897196
f1: 0.8872509508996076