accuracy: 0.9929701230228472
precision: 0.993048016396555
recall: 0.9929701230228472
f1: 0.9929562292482138