accuracy: 0.8931185944363104
precision: 0.9082101662083595
recall: 0.8931185944363104
f1: 0.8875455641707446