accuracy: 0.8956521739130435
precision: 0.896732125255895
recall: 0.8956521739130435
f1: 0.8955811138014528