accuracy: 0.8625
precision: 0.8818910256410255
recall: 0.8625
f1: 0.8172988505747126