accuracy: 0.7549019607843137
precision: 0.7263071895424836
recall: 0.7549019607843137
f1: 0.7189085424379542