accuracy: 0.8518072289156626
precision: 0.8530283661593605
recall: 0.8518072289156626
f1: 0.8515098928481714