accuracy: 0.9633967789165446
precision: 0.9638635041620357
recall: 0.9633967789165446
f1: 0.9631078676331208