accuracy: 0.7747395833333334
precision: 0.7697008645385717
recall: 0.7747395833333334
f1: 0.7695592846025242