accuracy: 0.7614080834419817
precision: 0.7665253798696828
recall: 0.7614080834419817
f1: 0.7393336943224301