accuracy: 0.9226713532513181
precision: 0.9225844799748526
recall: 0.9226713532513181
f1: 0.9221842876355137