accuracy: 0.9402460456942003
precision: 0.9405950609319644
recall: 0.9402460456942003
f1: 0.9398004134833832