accuracy: 0.7418300653594772
precision: 0.8089202786377709
recall: 0.7418300653594772
f1: 0.6382433994847398