accuracy: 0.8875
precision: 0.9335227272727273
recall: 0.8875
f1: 0.8979142857142858