accuracy: 0.9850187265917603
precision: 0.9853773009302281
recall: 0.9850187265917603
f1: 0.9851169873135897