accuracy: 0.9437609841827768
precision: 0.9442894790115892
recall: 0.9437609841827768
f1: 0.9439150484949288