accuracy: 0.7712418300653595
precision: 0.7564599610335938
recall: 0.7712418300653595
f1: 0.7599992948932645