accuracy: 0.8037383177570093
precision: 0.8093521376918847
recall: 0.8037383177570093
f1: 0.80054100552932