accuracy: 0.9043478260869565
precision: 0.908799021481538
recall: 0.9043478260869565
f1: 0.9040867389491242