accuracy: 0.84375
precision: 0.8442844780779151
recall: 0.84375
f1: 0.8387784090909092