accuracy: 0.9648609077598829
precision: 0.9647947104451575
recall: 0.9648609077598829
f1: 0.9647914287502314