accuracy: 0.9245283018867925
precision: 0.9310204909717995
recall: 0.9245283018867925
f1: 0.9173452717953834