accuracy: 0.8956521739130435
precision: 0.9137413029728021
recall: 0.8956521739130435
f1: 0.8964909592399634