accuracy: 0.9339622641509434
precision: 0.9504716981132075
recall: 0.9339622641509434
f1: 0.937261257089941