accuracy: 0.975
precision: 0.9757246376811594
recall: 0.975
f1: 0.9741421568627452