accuracy: 0.9150943396226415
precision: 0.9161197703035274
recall: 0.9150943396226415
f1: 0.9082826990725936