accuracy: 0.9736456808199122
precision: 0.9745736429586681
recall: 0.9736456808199122
f1: 0.973787877733576