accuracy: 0.8231046931407943
precision: 0.843053726905925
recall: 0.8231046931407943
f1: 0.8282479529133785