accuracy: 0.6274165202108963
precision: 0.39504003124389764
recall: 0.6274165202108963
f1: 0.4848218565266017