accuracy: 0.9
precision: 0.9004479840716775
recall: 0.9
f1: 0.9001122334455667