accuracy: 0.7617328519855595
precision: 0.7936950511616124
recall: 0.7617328519855595
f1: 0.7041393788069147