accuracy: 0.5887850467289719
precision: 0.587299578340139
recall: 0.5887850467289719
f1: 0.5878372108437729