accuracy: 0.8875
precision: 0.9097894265232975
recall: 0.8875
f1: 0.8943923480870218