accuracy: 0.850187265917603
precision: 0.8739670649783009
recall: 0.850187265917603
f1: 0.8138410730429327