accuracy: 0.8481481481481481
precision: 0.8543918719357315
recall: 0.8481481481481481
f1: 0.8458346965580353