accuracy: 0.9753954305799648
precision: 0.9759775607938321
recall: 0.9753954305799648
f1: 0.9754838480075839