accuracy: 0.9929701230228472
precision: 0.9931003059298316
recall: 0.9929701230228472
f1: 0.9929831704449056