accuracy: 0.9407407407407408
precision: 0.9477124183006536
recall: 0.9407407407407408
f1: 0.940923317683881