accuracy: 0.9125
precision: 0.9155032467532468
recall: 0.9125
f1: 0.9137914230019494