accuracy: 0.8773584905660378
precision: 0.8731433159373746
recall: 0.8773584905660378
f1: 0.8637178148087813