accuracy: 0.6261682242990654
precision: 0.7334425281819058
recall: 0.6261682242990654
f1: 0.5492368840741384