accuracy: 0.7987012987012987
precision: 0.8155119669602428
recall: 0.7987012987012987
f1: 0.7798076136721864