accuracy: 0.8614718614718615
precision: 0.8672907379585651
recall: 0.8614718614718615
f1: 0.8630329152775987