accuracy: 0.7786458333333334
precision: 0.773803975898872
recall: 0.7786458333333334
f1: 0.7719166889751484