accuracy: 0.6074766355140186
precision: 0.6828981597456403
recall: 0.6074766355140186
f1: 0.5266987282778453