accuracy: 0.8838951310861424
precision: 0.8932381044600729
recall: 0.8838951310861424
f1: 0.8668273071709174