accuracy: 0.87890625
precision: 0.8840962929006985
recall: 0.87890625
f1: 0.8802056656307248