accuracy: 0.7075812274368231
precision: 0.5006711934210011
recall: 0.7075812274368231
f1: 0.5864098121675151