accuracy: 0.776173285198556
precision: 0.786953413941684
recall: 0.776173285198556
f1: 0.7363757587584303