accuracy: 0.9056603773584906
precision: 0.907158574839646
recall: 0.9056603773584906
f1: 0.8966815897442292