accuracy: 0.8303249097472925
precision: 0.8316461775791599
recall: 0.8303249097472925
f1: 0.8164662581947009