accuracy: 0.8203125
precision: 0.8184862285292539
recall: 0.8203125
f1: 0.8151008115199697