accuracy: 0.8869565217391304
precision: 0.9078014184397163
recall: 0.8869565217391304
f1: 0.8854932598039216