accuracy: 0.8956521739130435
precision: 0.9079922027290448
recall: 0.8956521739130435
f1: 0.8948571428571428