accuracy: 0.761437908496732
precision: 0.7363800194076059
recall: 0.761437908496732
f1: 0.7287401776126272