accuracy: 0.8148148148148148
precision: 0.8161272178759523
recall: 0.8148148148148148
f1: 0.8132073226487295