accuracy: 0.8867924528301887
precision: 0.8833453184033604
recall: 0.8867924528301887
f1: 0.8846204475647214