accuracy: 0.7483660130718954
precision: 0.7719146482122261
recall: 0.7483660130718954
f1: 0.7566451549093787