accuracy: 0.9824304538799414
precision: 0.9828509361522251
recall: 0.9824304538799414
f1: 0.9824951976245289