accuracy: 0.9130434782608695
precision: 0.9135437958967371
recall: 0.9130434782608695
f1: 0.9130171696543378