accuracy: 0.9912152269399708
precision: 0.9913323572474376
recall: 0.9912152269399708
f1: 0.9911888706222073