accuracy: 0.8434782608695652
precision: 0.852104488024184
recall: 0.8434782608695652
f1: 0.8425136944613512