accuracy: 0.7978339350180506
precision: 0.7891581110673873
recall: 0.7978339350180506
f1: 0.7873210205968014