accuracy: 0.9332161687170475
precision: 0.939640942359458
recall: 0.9332161687170475
f1: 0.9316162391243149