accuracy: 0.8614457831325302
precision: 0.8625246878792032
recall: 0.8614457831325302
f1: 0.8611985447306348