accuracy: 0.9296296296296296
precision: 0.9297120071982792
recall: 0.9296296296296296
f1: 0.9296579500440225