accuracy: 0.7640692640692641
precision: 0.7648400168119085
recall: 0.7640692640692641
f1: 0.7454611685685281