accuracy: 0.7669270833333334
precision: 0.7797250946201676
recall: 0.7669270833333334
f1: 0.7432155668451145