accuracy: 0.8116883116883117
precision: 0.8780167201219833
recall: 0.8116883116883117
f1: 0.8159705838622667