accuracy: 0.7888888888888889
precision: 0.7981664517977367
recall: 0.7888888888888889
f1: 0.783685542382729