accuracy: 0.7786458333333334
precision: 0.7883938297541239
recall: 0.7786458333333334
f1: 0.7816010277900522