accuracy: 0.7476635514018691
precision: 0.7571131879543095
recall: 0.7476635514018691
f1: 0.7404227740669462