accuracy: 0.77734375
precision: 0.774218771266798
recall: 0.77734375
f1: 0.7666271824421504