accuracy: 0.9648609077598829
precision: 0.9650652175461025
recall: 0.9648609077598829
f1: 0.964927212913187