accuracy: 0.8506024096385543
precision: 0.850771204644502
recall: 0.8506024096385543
f1: 0.8505085478241433