accuracy: 0.9185185185185185
precision: 0.9186196944817635
recall: 0.9185185185185185
f1: 0.9183640598671821