accuracy: 0.7843137254901961
precision: 0.7830487033523086
recall: 0.7843137254901961
f1: 0.7419467787114846