accuracy: 0.8566265060240964
precision: 0.8569869500297735
recall: 0.8566265060240964
f1: 0.8566562744091967