accuracy: 0.7549019607843137
precision: 0.7537515006002401
recall: 0.7549019607843137
f1: 0.6802711388489762