accuracy: 0.9138576779026217
precision: 0.9392586190338998
recall: 0.9138576779026217
f1: 0.9188356584532024