accuracy: 0.9026217228464419
precision: 0.9338789476117816
recall: 0.9026217228464419
f1: 0.9087492430205666