accuracy: 0.8164794007490637
precision: 0.7999183685553984
recall: 0.8164794007490637
f1: 0.7700458578249838