accuracy: 0.794392523364486
precision: 0.7957892574715006
recall: 0.794392523364486
f1: 0.7925133152446991