accuracy: 0.9783393501805054
precision: 0.9785128229171549
recall: 0.9783393501805054
f1: 0.9781745619610629